10 50
22 0 14 85 1 25 90 41 48 61 21 88 8 19 36 35 50 25 73 7 75 64 27 92 91 42 48 52 74 3 30 14 82 54 9 23 66 49 60 36 78 48 10 23 4 58 35 79 79 46
12 54 56 23 1 45 100 28 89 44 9 15 44 62 52 97 33 0 40 10 94 9 99 85 6 97 39 78 34 15 90 61 23 97 25 11 100 42 76 76 68 78 69 57 93 68 44 67 96 19
15 39 49 59 6 86 4 100 84 97 23 4 15 3 23 47 39 51 85 12 71 7 67 32 89 4 80 75 94 61 31 2 39 42 92 73 83 1 21 4 61 9 27 85 29 6 65 2 67 14
58 12 6 35 36 31 39 40 45 63 68 43 50 15 34 84 98 62 17 83 63 15 41 55 33 27 38 72 71 72 17 1 5 25 6 55 45 39 72 11 62 94 8 16 38 61 100 8 47 40
94 22 94 90 24 31 63 47 72 90 35 19 40 3 17 70 28 58 33 35 36 7 93 94 57 45 42 53 16 63 14 0 71 77 98 91 24 73 54 7 50 65 1 72 62 80 96 63 5 -900
77 43 96 12 95 77 16 57 39 61 68 44 99 36 67 10 88 79 21 24 8 19 46 83 73 7 65 47 96 57 97 13 76 60 28 64 90 52 94 55 68 47 53 78 30 63 11 50 27 40
23 50 12 24 2 27 48 29 49 34 69 18 67 21 41 11 86 98 21 16 40 70 68 66 4 2 24 79 20 73 89 51 51 8 43 7 16 93 41 25 40 16 16 21 10 77 85 72 43 23
42 84 90 47 15 67 63 24 35 58 28 76 95 90 3 62 25 9 11 16 72 38 16 10 57 72 35 1 1 47 46 25 48 72 56 11 71 83 70 64 71 39 92 50 36 63 72 1 45 29
96 44 63 35 66 82 24 56 53 49 61 55 22 91 56 67 27 91 69 73 20 52 22 74 58 11 43 100 44 17 31 20 40 55 60 40 48 60 94 98 9 10 70 22 32 37 77 30 61 45
100 64 43 92 81 29 76 25 2 37 39 7 78 36 34 89 7 80 17 77 79 12 43 24 9 46 10 51 31 13 6 47 73 22 78 88 100 19 76 18 53 32 17 61 41 1 5 93 48 20
