10 100
891 879 510 65 436 973 358 854 739 289 121 832 306 909 957 724 723 784 803 874 157 484 418 412 431 19 660 742 101 258 965 820 917 794 231 474 131 830 401 95 898 897 263 563 672 344 449 585 737 70 966 312 318 226 835 737 966 407 966 587 942 794 663 847 36 418 44 406 423 921 168 825 841 444 571 222 844 7 918 357 248 112 982 476 830 666 712 337 887 142 723 77 691 417 489 465 317 804 980 810
985 784 926 530 467 811 365 718 985 127 450 709 437 331 391 193 47 760 695 630 356 248 265 679 397 337 899 89 994 441 408 796 287 519 51 428 705 358 197 477 963 456 205 66 108 334 39 100 458 314 698 235 374 722 162 671 610 447 451 531 999 275 546 37 277 168 195 542 290 974 52 947 488 265 813 592 904 495 962 203 687 106 679 77 460 489 22 749 527 985 216 923 41 185 673 561 590 693 817 60
754 191 380 1 186 470 246 593 929 512 609 487 752 344 599 76 973 903 965 274 216 889 39 214 261 578 58 284 221 113 307 231 233 147 701 312 872 480 436 737 960 464 722 208 971 276 456 202 48 843 116 181 470 835 599 508 877 730 811 635 273 289 272 804 975 367 686 451 336 15 627 373 886 749 779 344 986 534 534 919 854 35 400 718 810 481 601 451 625 378 586 989 288 591 897 755 809 824 675 216
16 0 936 515 87 645 412 893 809 434 446 925 830 626 513 189 730 379 908 980 598 902 383 226 99 877 877 63 452 506 705 622 572 515 782 791 414 653 49 433 727 71 991 834 402 908 768 463 795 626 556 232 35 489 210 819 159 711 553 655 572 150 339 206 182 319 288 33 81 858 464 556 135 386 849 6 808 165 185 321 628 261 10 873 506 684 194 804 275 834 756 946 579 122 222 697 572 480 376 344
755 846 183 226 809 843 570 279 368 608 380 834 428 601 169 592 882 188 57 802 916 172 30 373 253 633 483 278 220 714 734 874 492 187 303 447 774 914 535 120 288 275 143 292 600 48 304 124 918 786 547 447 758 590 813 843 400 787 784 428 906 324 23 844 301 861 297 43 336 99 716 577 539 315 429 784 621 76 287 427 783 572 83 24 246 312 957 45 573 239 616 994 464 955 563 192 636 88 149 794
905 183 413 38 907 556 28 879 359 722 825 455 951 893 695 642 753 446 407 11 287 875 581 236 99 783 347 425 719 998 152 449 389 867 439 889 924 573 945 979 367 576 935 408 281 531 930 916 323 444 955 50 528 880 313 921 42 14 307 576 3 413 223 166 269 665 469 265 47 858 483 111 147 629 395 358 532 242 44 590 292 642 299 168 969 55 375 888 151 707 228 919 705 565 203 964 478 587 838 280
284 164 380 911 527 859 615 56 58 485 339 289 31 855 581 70 127 306 278 621 596 241 811 365 291 456 811 45 730 385 111 286 193 492 34 636 469 225 933 686 637 494 112 958 396 230 14 574 43 19 273 431 878 894 581 349 154 275 586 453 991 574 779 586 438 670 578 142 479 509 337 917 571 819 617 232 906 428 937 432 743 49 962 836 235 835 99 755 298 863 927 17 108 647 307 106 453 389 750 372
578 221 500 436 267 932 16 952 500 132 625 817 994 758 67 688 61 193 734 687 574 517 499 937 731 575 814 644 724 370 604 95 657 653 55 950 205 17 563 948 445 295 667 898 223 70 818 215 418 945 647 718 910 163 998 916 671 200 839 420 454 541 975 545 189 129 203 993 992 456 340 437 409 762 485 70 649 284 793 630 819 513 458 897 830 627 795 148 643 279 839 460 197 774 630 762 872 680 588 58
700 871 671 492 790 298 143 735 826 392 269 467 662 621 818 332 692 244 331 989 498 610 927 275 605 39 494 442 588 41 614 759 865 563 305 287 373 271 274 343 422 784 208 278 378 755 963 540 856 737 379 279 735 183 212 954 292 559 56 396 937 321 880 47 151 925 436 173 880 467 596 307 798 792 510 762 991 487 770 832 906 18 110 997 302 840 98 881 632 235 859 181 498 356 912 412 230 223 558 576
371 589 94 37 847 694 94 795 713 403 132 469 307 121 215 352 963 418 816 413 938 551 635 266 819 534 345 151 6 602 806 891 247 447 995 938 890 243 52 518 304 487 435 475 460 323 90 185 38 654 525 524 342 888 623 63 422 660 930 972 877 911 422 215 285 146 534 279 854 94 529 132 651 717 742 723 964 736 844 938 553 627 884 692 451 971 266 731 560 291 121 358 14 230 613 534 342 301 269 983
