10 100
472 -689 387 -145 254 867 -848 -667 812 565 -995 -644 -657 397 173 -355 209 -374 -986 515 720 652 -209 954 823 987 421 287 -400 387 475 -258 -945 577 25 -51 875 -790 -881 -567 -979 -35 285 -662 -902 940 -550 945 698 165 -769 78 512 -640 80 140 -589 -911 848 -551 -595 266 -795 878 15 460 -749 -211 -160 -608 -501 -839 -879 -983 810 -40 -977 -598 492 -794 -368 -189 -34 -602 -33 -689 663 -55 173 251 154 -55 -946 287 0 -149 737 -913 22 719
891 732 917 365 -815 173 -388 -177 -637 635 -304 -749 783 440 274 -295 249 715 -24 416 -100 -679 -596 160 0 -161 -166 995 -810 539 752 -549 824 79 -585 -965 -653 916 -439 766 -161 -206 498 625 659 -813 176 -441 902 367 -336 -844 240 615 68 -453 -36 355 172 -269 298 384 -828 -662 -785 97 411 364 742 -647 786 -282 -283 269 61 -366 -813 -328 592 977 -486 -54 -107 226 933 -723 647 -417 -110 -701 348 -132 253 -978 81 590 -509 -466 783 506
626 879 360 -511 -813 81 -86 -128 654 57 134 745 -449 -150 965 -957 -391 -704 -36 999 -569 -935 448 486 -225 919 -852 -399 -599 588 -568 52 -298 -747 378 -905 -71 170 488 -200 169 460 595 -344 -535 511 -911 404 -816 -312 761 253 507 -894 711 -345 482 -978 446 -110 595 314 478 429 -663 688 909 770 557 -219 29 -446 -855 888 -117 -919 331 633 -741 -741 368 -766 -470 948 -853 450 -839 -491 98 893 -114 687 -653 -573 -816 -769 926 503 -493 -493
570 -396 549 759 488 -306 -694 498 470 946 807 467 -916 799 804 -906 499 645 -296 719 -395 842 876 -745 -362 -78 249 -847 156 799 387 778 -92 141 -420 -751 -645 170 452 200 910 -406 -709 452 837 830 -674 172 -782 976 -180 -215 838 127 -432 775 -894 888 950 59 104 383 277 107 795 -490 -544 705 274 -827 -919 513 493 -116 -847 -797 22 795 -387 -114 805 -781 352 -372 -975 329 309 -11 -168 -607 187 -105 444 122 -588 -527 -75 971 555 -180
480 -147 367 -846 997 -621 145 190 224 -549 -132 532 982 -191 923 746 206 614 538 -324 -324 -263 -820 -359 -92 -903 195 -575 -27 -917 -695 546 -688 -662 427 -765 -351 750 693 743 509 878 228 87 -816 -813 -203 696 -845 926 232 -739 590 633 670 -100 -329 529 992 815 -889 -806 -731 827 -715 254 694 -960 -649 311 119 554 447 -415 455 -715 702 -153 722 829 -583 -917 -412 745 -643 63 -996 825 236 208 -440 656 370 -96 932 713 -593 -652 -258 127
62 319 943 3 -320 -365 -472 79 617 507 -696 -78 -648 -946 768 -947 -134 -887 -682 466 -906 404 511 232 -427 537 781 729 228 116 -805 124 -139 212 23 -522 231 -50 -410 866 -40 -515 948 -449 525 34 905 271 113 869 447 -105 113 -783 -798 -889 713 979 -182 -630 -743 904 -986 -413 897 88 675 762 306 397 669 828 973 370 -925 -391 -692 159 -671 138 -206 -357 -859 -409 661 -152 -794 -915 -140 -28 -730 -763 539 -75 -839 932 -118 -648 470 -532
240 638 319 61 831 668 281 -657 -628 -32 409 143 -912 -672 -896 -987 706 -516 682 725 915 943 -853 420 242 330 -288 -904 852 58 -28 556 -730 437 -476 54 991 -69 -893 -855 563 572 650 -790 113 614 -611 -783 463 -346 -187 -622 181 931 778 -219 -162 569 -121 562 518 534 -346 446 240 -965 245 -557 634 -523 -197 -641 950 -958 544 858 -883 -80 -996 -524 689 -28 471 804 -885 -230 780 21 766 -816 349 612 -402 -271 158 -358 543 -730 -649 676
517 -965 -781 -49 -235 716 349 -45 924 887 -866 240 -511 331 -297 -868 -155 75 -61 63 426 -24 928 526 50 -344 236 706 -854 -495 560 -844 -11 780 -109 -218 265 259 -649 -484 571 674 327 736 535 988 645 -436 -23 -623 543 585 -680 -815 377 -462 -968 692 -673 36 823 862 -449 -318 -162 -813 550 711 -578 -758 -27 -633 871 494 -604 -315 603 392 -93 748 -311 615 -748 -397 -16 -937 71 583 524 -881 708 -487 -463 -500 -283 685 -453 -204 668 640
91 865 -267 542 -605 832 111 -199 552 454 -342 565 51 -209 -291 242 -606 678 -622 17 346 993 343 454 -335 329 931 -526 163 610 325 871 -299 354 63 -977 450 -191 -466 734 548 156 660 670 -73 -356 407 490 -159 424 102 755 829 194 -286 726 -929 926 192 930 -371 274 -605 948 -503 987 454 787 978 -464 -571 -263 -511 -115 -911 593 410 520 -762 -361 168 -523 -484 -634 266 962 202 538 -784 911 -555 643 259 648 219 317 377 173 20 214
245 -978 236 811 877 636 597 291 498 -88 -129 978 -92 -821 -421 599 -978 -900 -313 575 -1000 -177 -626 849 -157 31 857 213 427 -268 624 101 -732 -897 -474 -975 19 444 626 -711 322 365 879 -675 -28 -707 322 -180 751 -672 979 -714 -204 -728 841 -517 -31 -883 -513 -731 446 469 321 476 972 46 -107 -757 478 979 -131 126 -509 -285 -230 215 -878 391 582 -272 -195 -941 -101 -982 995 610 -395 334 444 342 907 -291 947 877 871 725 -948 329 -358 -995
