10 20
8 -9 65 40 -99 8 -14 -35 97 36 -85 52 89 -38 29 -57 40 13 23 85
82 0 86 79 -15 -63 -95 69 78 -7 -16 -23 -12 4 -8 -52 -27 -1 69 5
83 -4 94 -34 -68 -89 21 80 76 -70 49 91 -13 -65 13 -41 -59 -97 74 -50
92 74 26 47 93 -86 -43 -96 42 -80 32 10 62 -43 93 -8 -91 -36 7 -79
31 7 0 -53 34 92 -94 20 29 -50 -48 94 64 -56 90 -77 66 8 -74 -31
38 -23 -86 13 85 -12 17 -57 -59 -70 -73 -70 6 58 -58 37 9 59 91 -23
86 -11 74 -37 33 -89 84 92 -4 -82 4 47 -82 -70 -57 0 -24 -38 -37 -58
3 71 -91 9 -38 -64 0 -100 73 -97 11 1 -32 16 -37 91 -3 -64 -5 -99
-76 -9 15 -89 22 -95 -46 -68 37 5 -59 -75 16 -60 24 -75 -22 84 -47 -31
26 -69 -29 37 -89 10 -62 -47 91 69 91 98 71 -48 9 -99 -19 41 66 69
